4_Clusters
No. of Colours: (4, 3)
Colours: [[ 55  87 110]
 [189 201 221]
 [102 128 151]
 [ 17  38  65]]

8_Clusters
No. of Colours: (8, 3)
Colours: [[113 136 162]
 [ 77 112 129]
 [159 172 198]
 [ 47  82 106]
 [  9  24  48]
 [209 222 236]
 [ 20  50  81]
 [124  50  83]]

16_Clusters
No. of Colours: (14, 3)
Colours: [[163 136 137]
 [ 94 128 149]
 [ 39 121 191]
 [217 228 240]
 [ 47  81 106]
 [164 193 218]
 [199 162 188]
 [124 155 182]
 [  8  26  51]
 [ 21  52  83]
 [ 93  31  46]
 [125  62 102]
 [ 72 108 124]
 [161  87 156]]
