4_Clusters
No. of Colours: (3, 3)
Colours: [[174 196 117]
 [126 149  74]
 [137  37  25]]

8_Clusters
No. of Colours: (8, 3)
Colours: [[111 107  52]
 [159 189 119]
 [ 53   6   2]
 [132  31  21]
 [174 188  84]
 [123 163  81]
 [188 210 173]
 [189  52  38]]

16_Clusters
No. of Colours: (14, 3)
Colours: [[112 116  57]
 [190  50  37]
 [ 43   3   0]
 [177 198 143]
 [166 183  79]
 [115 151  74]
 [197 113  78]
 [182 200  93]
 [110  72  35]
 [191 215 186]
 [138 184 111]
 [148  27  23]
 [ 92  18   9]
 [130 172  84]]

32_Clusters
No. of Colours: (17, 3)
Colours: [[194  75  48]
 [179 197  84]
 [154 176  79]
 [ 90  18   9]
 [181 199 110]
 [126 176  91]
 [193 216 189]
 [114 157  76]
 [109  73  36]
 [137 127  64]
 [142 187 119]
 [188  46  35]
 [201 133  96]
 [178 203 152]
 [145  26  22]
 [104 120  58]
 [ 42   3   0]]

64_Clusters
No. of Colours: (35, 3)
Colours: [[ 96  30  16]
 [189 196 110]
 [244 247 242]
 [104  89  43]
 [143 192 136]
 [ 77  66  22]
 [176 151  62]
 [165 201  99]
 [177 210 159]
 [178 202 133]
 [137  18  16]
 [127 101  55]
 [115 166  79]
 [116  57  30]
 [197 218 201]
 [118 152  89]
 [101 122  58]
 [206 136 108]
 [123 178  92]
 [105 148  68]
 [187 215 180]
 [ 34   3   0]
 [157 147  96]
 [139 184 106]
 [168  74  38]
 [201  94  64]
 [206 179 156]
 [186  41  34]
 [166 186  80]
 [160  34  29]
 [145 173  77]
 [129 137  67]
 [198  54  39]
 [ 75   7   3]
 [187 199  84]]

